198

7 19 29 39 49 54 69 76 88 96 109 117 124 137 148 159 167 179 189 197 
8 18 28 37 48 59 68 73 89 97 104 116 128 131 147 157 164 178 188 197 
9 18 27 30 49 57 64 79 86 99 103 119 127 135 146 156 168 176 187 195 
9 17 24 38 47 59 65 71 87 92 107 118 126 139 148 158 169 177 180 198 
5 16 29 33 46 58 68 78 86 98 106 113 126 130 144 154 160 175 186 199 
6 19 26 38 46 56 62 77 83 95 100 115 123 138 146 153 166 174 188 194 
4 14 25 35 46 55 66 75 84 90 108 118 125 136 149 159 163 178 187 192 
2 18 22 31 45 56 69 74 80 93 101 118 129 134 142 152 162 170 185 199 
1 13 29 34 43 53 67 74 89 90 107 115 121 133 145 155 165 171 182 195 
2 15 23 37 44 51 66 78 87 91 105 117 120 132 143 153 165 176 181 193 
3 13 21 36 40 52 60 72 85 97 102 117 122 135 149 150 166 173 180 199 
0 10 20 32 41 55 63 70 89 94 105 119 124 139 141 151 161 174 184 199 
8 15 26 34 45 50 61 79 88 98 102 112 125 139 140 157 160 172 183 190 
5 12 28 36 42 58 63 77 82 99 105 114 129 137 142 158 163 172 182 191 
6 11 25 31 42 50 64 78 81 96 109 116 122 138 147 155 169 173 184 196 
3 12 23 35 47 57 61 70 81 94 106 111 121 134 144 159 168 170 188 198 
6 17 21 39 44 53 67 73 82 93 108 110 128 132 144 156 161 177 185 190 
0 11 24 30 43 52 60 76 80 98 108 111 127 131 145 153 162 179 183 191 
9 12 22 33 41 54 62 76 83 91 101 110 122 136 141 157 164 171 186 196 
4 19 27 32 40 51 65 71 84 97 103 110 123 130 140 152 165 175 184 191 
0 16 27 39 45 57 66 72 83 92 104 114 120 133 147 154 168 177 189 194 
1 10 20 30 48 51 69 73 85 95 106 113 120 136 146 158 167 173 183 192 
7 14 28 31 41 53 61 72 88 90 100 111 127 130 141 158 166 175 181 193 
7 14 20 33 47 52 60 75 82 95 104 112 124 138 142 150 165 176 186 198 
8 17 29 36 48 54 62 75 81 99 103 112 123 134 149 151 162 177 181 193 
4 17 22 34 42 52 60 77 86 92 101 119 121 130 143 150 167 177 188 196 
2 11 24 32 40 56 68 75 81 94 100 113 128 133 148 156 164 172 182 192 
6 16 25 37 41 58 65 71 85 93 102 112 121 135 141 154 163 179 185 195 
1 16 21 31 44 59 62 70 84 94 109 114 129 131 145 150 160 176 187 197 
5 10 25 35 40 58 69 79 80 91 104 115 126 131 145 159 169 174 181 190 
3 19 20 36 44 55 64 74 88 99 107 111 126 132 143 155 164 178 185 194 
8 14 22 38 44 57 68 78 85 96 101 115 128 137 140 151 168 171 180 191 
3 13 26 33 43 51 63 70 86 93 107 116 125 137 147 152 161 179 181 192 
5 14 23 34 41 58 67 76 87 97 103 116 123 139 147 156 167 170 187 194 
0 15 23 33 49 53 65 71 86 90 100 117 129 131 142 151 166 178 183 196 
4 15 25 38 43 50 63 72 89 95 106 114 122 134 143 156 162 175 189 197 
1 16 22 30 47 54 63 79 80 97 100 114 125 132 149 154 166 171 184 198 
7 11 24 37 48 53 67 77 84 99 102 119 126 136 140 152 169 170 189 198 
8 10 21 35 42 56 65 71 87 96 108 111 127 133 143 152 160 174 186 195 
2 13 27 38 42 55 61 77 88 93 103 113 122 131 145 157 161 178 180 198 
7 12 23 32 49 59 62 79 85 98 108 118 123 138 143 154 161 173 182 190 
6 18 26 39 49 52 60 74 87 97 106 113 125 134 141 150 169 172 182 193 
9 15 28 35 40 56 66 74 82 98 109 116 120 135 147 151 167 174 185 198 
3 13 22 31 46 55 65 71 82 91 101 116 124 133 146 153 162 172 189 190 
4 10 26 34 49 56 64 72 84 91 105 112 128 130 144 155 163 179 180 198 
2 15 21 30 41 59 64 76 82 92 102 115 124 134 140 155 160 177 188 192 
1 11 24 33 46 57 61 73 88 97 105 115 123 135 148 150 168 175 185 196 
5 17 28 30 45 55 64 70 83 94 104 117 121 138 148 152 163 171 183 193 
3 14 29 32 45 50 69 73 83 92 107 119 122 137 144 153 166 176 187 191 
7 18 20 34 46 58 66 70 81 94 100 110 120 137 140 157 162 173 180 195 
5 17 23 39 43 58 61 75 84 96 107 111 129 135 146 157 164 177 184 199 
3 12 26 36 48 59 67 78 80 90 101 112 120 131 148 156 167 175 184 195 
6 13 22 32 40 54 61 78 86 95 108 111 120 139 142 155 169 171 187 197 
0 19 26 31 42 57 65 75 89 98 109 110 121 132 149 158 168 170 186 197 
9 16 20 38 40 53 67 76 81 95 105 118 125 135 146 154 160 178 181 191 
8 10 27 33 46 51 67 74 85 92 109 114 127 139 142 159 164 173 188 193 
4 12 25 37 47 54 66 73 80 96 102 117 127 130 146 151 160 170 182 194 
7 11 21 35 45 59 68 72 87 99 103 113 121 137 146 159 165 174 183 196 
1 18 27 35 43 50 62 76 86 90 102 117 128 138 144 158 162 174 184 194 
6 16 28 36 43 51 60 79 83 90 103 119 124 136 148 154 160 170 180 190 
4 18 24 34 48 50 63 78 83 93 109 111 124 130 149 159 161 172 185 195 
9 19 28 32 42 52 67 72 80 96 106 115 123 139 144 157 163 176 189 192 
0 15 29 31 47 50 66 77 85 99 103 118 120 133 144 150 164 179 188 199 
4 13 20 39 48 50 68 79 84 92 105 116 127 134 145 158 163 171 186 190 
7 12 29 30 44 57 65 71 84 95 104 115 122 132 147 152 167 172 182 199 
6 11 24 34 45 55 69 72 81 91 107 114 127 138 140 151 167 178 186 197 
5 14 27 37 48 56 64 73 87 94 101 110 125 138 145 155 166 179 189 199 
3 17 23 38 41 56 68 77 80 98 109 114 128 136 141 152 165 173 187 197 
9 19 25 38 48 58 68 70 88 91 108 119 129 133 142 150 161 170 184 193 
2 10 28 36 47 57 63 76 89 93 108 112 126 133 140 153 168 176 182 196 
9 10 29 39 43 51 60 78 82 94 100 118 121 132 149 157 169 175 187 194 
9 13 28 30 46 53 69 75 87 97 102 112 129 137 143 159 161 171 188 194 
8 14 24 39 49 54 63 70 85 90 105 110 126 135 145 152 165 172 188 194 
0 19 21 35 47 51 64 78 89 92 107 113 123 136 141 155 162 172 181 190 
1 17 23 37 40 50 63 74 89 91 100 118 127 137 148 155 161 177 186 191 
4 18 25 34 44 53 62 79 82 90 106 113 122 139 148 153 168 179 181 199 
2 16 29 37 42 52 66 79 83 95 107 110 128 134 142 159 167 175 183 196 
5 17 21 32 49 57 69 77 81 90 104 116 129 136 147 153 168 175 180 193 
0 15 22 39 47 54 62 74 87 98 105 119 122 138 140 159 163 175 180 192 
5 13 21 31 46 59 61 76 83 92 106 119 128 132 149 151 165 179 182 195 
1 11 25 36 45 56 60 77 87 99 106 110 124 130 147 157 164 171 181 190 
2 14 26 30 40 55 62 73 86 90 109 114 124 133 143 157 169 173 185 191 
8 11 23 32 44 58 60 72 82 93 104 117 125 136 143 158 166 170 188 195 
5 12 27 31 44 52 60 71 89 95 109 116 126 137 146 150 163 171 185 192 
1 12 21 34 49 51 68 75 81 93 101 112 126 139 149 152 166 174 189 191 
7 13 24 38 44 56 69 74 86 97 104 110 127 134 149 154 160 176 184 196 
8 15 27 36 41 52 69 70 84 96 100 118 121 137 141 153 168 178 183 190 
8 10 20 37 45 52 62 78 86 90 103 115 129 132 141 156 160 173 189 198 
3 11 24 39 42 59 63 79 89 95 101 117 129 130 144 154 169 174 187 193 
7 10 23 31 42 54 68 73 83 92 102 118 125 131 140 156 165 174 185 197 
6 19 22 32 47 59 66 75 88 91 105 116 121 131 147 156 166 173 183 199 
2 17 20 35 43 57 67 74 81 97 108 113 124 130 142 157 166 179 189 190 
6 16 22 36 49 50 67 70 80 94 101 111 123 135 143 158 165 178 189 192 
5 19 20 33 45 53 64 71 88 96 108 114 120 134 149 153 161 172 187 197 
0 12 29 30 43 56 63 70 88 92 102 110 128 139 146 150 169 178 186 193 
2 15 25 33 46 59 69 77 89 94 103 111 125 136 142 156 163 177 186 194 
9 18 26 36 44 54 61 71 82 99 104 119 125 130 145 153 162 173 186 192 
7 13 20 39 49 55 65 78 80 95 102 114 123 133 145 151 164 170 188 196 
4 16 26 35 41 50 69 73 82 99 108 115 127 132 142 154 164 172 180 198 
2 12 25 39 46 54 65 74 85 93 100 119 123 135 144 155 169 176 183 197 
4 13 22 37 41 57 60 75 81 98 107 117 126 131 141 155 168 174 184 192 
3 18 26 38 42 51 66 76 84 96 104 113 126 138 143 151 163 171 187 199 
0 14 22 39 40 51 64 77 88 91 106 116 129 134 144 154 165 178 182 195 
0 18 23 30 48 55 61 72 82 98 107 118 126 137 145 156 160 171 189 193 
8 12 28 33 40 55 66 77 85 96 107 112 124 132 145 158 169 179 187 196 
6 10 27 35 42 53 68 71 84 98 101 111 124 138 148 156 162 176 181 194 
4 17 25 33 46 52 61 76 88 94 102 118 120 133 147 152 167 176 180 191 
8 18 29 35 45 54 64 75 80 95 106 114 121 135 140 158 161 175 180 190 
1 11 28 37 49 58 62 71 83 92 108 113 122 135 149 155 165 170 183 194 
1 14 22 32 43 52 65 72 89 99 102 116 120 132 148 159 160 179 181 194 
5 18 29 32 40 59 67 74 83 96 100 112 127 136 147 150 162 178 185 199 
8 19 21 31 43 55 63 79 87 94 104 118 128 135 144 154 167 176 185 196 
0 17 21 31 48 58 67 79 86 93 109 115 125 134 148 157 164 174 180 194 
9 14 24 36 46 51 63 70 80 98 103 113 122 131 146 152 166 177 182 197 
6 16 20 38 48 56 60 73 89 91 109 117 124 139 144 152 168 175 182 198 
0 13 26 34 47 55 68 73 84 97 106 117 129 135 145 155 167 177 185 193 
0 19 29 30 46 50 61 72 85 96 101 110 129 131 141 153 163 170 181 198 
3 10 27 38 44 53 63 75 80 92 103 119 120 138 147 157 160 172 185 196 
3 11 27 34 47 58 66 72 87 90 108 115 121 136 142 151 161 176 184 197 
8 13 23 38 45 55 64 76 85 94 100 111 122 130 148 150 163 175 188 190 
1 15 28 34 41 50 65 78 88 97 104 110 125 134 146 151 169 173 180 192 
9 10 20 31 43 59 66 77 86 93 101 117 123 134 147 159 166 172 186 191 
3 15 24 35 44 57 62 77 83 97 100 116 126 139 145 154 162 177 183 195 
7 15 27 30 41 54 67 79 81 91 107 113 129 138 149 150 164 170 188 191 
4 15 27 30 45 58 68 74 82 95 103 116 123 131 143 153 169 179 184 195 
2 19 24 35 49 52 60 73 82 93 105 112 126 133 141 159 163 171 184 197 
9 18 25 33 47 56 69 79 86 90 105 111 128 137 140 155 164 170 189 195 
5 11 28 38 40 54 65 70 81 99 108 116 120 130 141 156 167 176 188 199 
2 16 23 36 44 53 65 76 83 98 106 116 127 138 142 150 169 174 188 192 
7 10 22 31 45 50 65 71 80 97 105 113 128 136 145 157 168 177 182 193 
5 15 24 31 41 54 60 79 84 93 106 115 120 133 148 152 161 178 187 190 
0 18 21 37 44 51 69 72 81 91 102 111 123 133 142 158 160 171 187 198 
1 16 24 32 48 57 64 76 87 96 103 114 126 137 142 157 167 173 181 193 
1 12 26 37 42 53 60 70 82 97 109 111 129 139 140 156 165 178 180 196 
4 16 23 35 46 55 67 75 85 98 104 115 122 134 140 156 162 179 186 193 
7 13 25 34 40 57 67 71 89 97 101 118 121 138 144 153 164 172 183 197 
9 14 21 33 48 50 63 73 81 98 100 115 121 132 143 159 162 170 183 190 
1 12 21 38 49 56 66 79 88 95 109 119 121 138 141 153 162 177 181 192 
2 17 29 34 41 58 66 70 87 95 106 111 122 131 149 154 168 178 182 192 
5 19 20 39 42 54 62 72 86 94 109 112 122 135 142 153 160 173 185 195 
3 16 25 34 49 56 61 78 89 99 109 118 122 132 140 158 166 174 182 199 
6 10 21 33 46 57 62 75 80 99 107 118 120 137 145 154 169 178 184 199 
2 14 22 30 48 52 62 74 84 93 104 114 121 139 146 155 161 174 189 196 
9 15 29 35 45 55 63 75 84 93 108 113 127 138 147 150 165 173 181 195 
7 19 23 37 43 59 69 71 81 91 106 119 124 135 141 159 163 171 182 194 
8 18 25 30 48 53 66 77 83 92 109 113 129 139 148 154 165 176 184 190 
9 18 23 39 41 56 67 74 88 99 103 117 128 131 144 158 162 171 181 196 
5 11 20 36 47 54 68 76 83 99 105 110 128 139 143 159 162 177 187 198 
4 11 22 38 47 53 64 70 85 90 101 112 127 132 146 157 164 174 186 191 
2 17 26 34 44 58 64 72 85 93 100 118 124 137 148 151 160 175 189 195 
6 14 23 30 42 52 63 79 89 96 105 113 123 136 140 154 164 179 180 197 
5 11 29 31 40 51 61 74 85 91 108 116 125 138 143 156 168 172 184 196 
3 10 28 37 49 55 60 76 88 97 107 110 120 136 144 150 163 174 186 191 
4 18 25 31 43 56 65 76 85 94 107 115 126 137 147 150 161 173 183 198 
6 12 27 36 43 50 62 75 86 92 105 111 125 133 149 151 167 175 182 190 
7 17 27 31 49 51 64 78 84 94 106 112 127 139 145 159 166 170 185 192 
8 15 20 33 42 55 61 72 87 92 100 117 120 136 146 152 162 179 182 190 
8 16 26 36 48 57 65 77 81 91 103 114 129 135 144 155 161 179 185 192 
6 13 21 35 48 53 62 78 89 96 104 111 129 130 147 156 163 173 183 191 
1 19 25 32 41 58 66 71 86 98 101 113 129 132 145 152 163 177 188 196 
7 12 20 38 40 52 64 72 87 93 109 119 124 131 146 158 164 178 183 193 
4 15 28 32 44 51 65 73 80 99 101 116 128 135 149 153 162 170 186 195 
5 13 22 36 43 58 66 73 83 97 109 117 127 133 140 158 164 176 181 194 
7 16 26 35 48 59 67 74 88 92 102 110 122 133 141 153 168 170 182 199 
2 11 28 34 46 59 60 79 86 96 100 118 128 134 147 158 165 177 189 199 
0 14 28 39 48 59 62 71 81 95 106 118 127 130 143 152 164 173 184 196 
9 19 21 34 43 54 68 77 89 90 108 114 127 130 148 150 168 177 189 199 
5 18 26 32 49 53 67 70 89 94 108 115 123 137 146 158 167 175 185 198 
0 19 26 38 41 57 69 73 82 98 102 114 125 134 143 159 165 176 183 195 
9 10 28 37 42 55 61 78 80 91 101 114 124 135 142 150 168 173 185 194 
4 18 29 39 40 59 68 74 87 94 107 116 120 132 140 150 166 170 181 191 
8 12 24 38 45 58 66 70 89 96 103 119 125 132 145 155 164 175 188 198 
7 10 23 30 45 52 67 79 81 91 101 116 122 132 144 151 164 172 187 192 
6 14 20 36 46 56 69 76 83 95 101 117 121 139 148 157 161 173 182 191 
6 15 23 39 45 51 62 75 88 95 107 115 126 130 149 153 167 171 188 197 
9 11 27 33 44 50 60 78 80 97 104 119 126 134 141 152 160 179 180 191 
5 15 28 30 43 50 69 78 84 99 102 113 124 130 142 154 162 175 188 190 
1 17 23 34 42 55 62 76 80 96 106 110 129 133 148 155 166 172 185 199 
3 19 29 38 42 54 60 77 85 90 105 116 123 132 147 151 169 174 180 199 
4 13 21 36 42 50 69 74 87 99 100 115 129 138 141 155 167 177 181 197 
8 10 24 38 47 58 67 73 82 95 103 111 128 138 143 152 166 171 180 199 
2 17 20 32 47 52 68 74 85 98 109 117 122 134 140 156 169 178 187 195 
0 12 25 36 43 51 69 72 81 92 106 112 129 131 143 150 161 172 186 191 
3 15 24 30 49 57 64 77 88 98 101 111 121 133 149 157 160 170 183 198 
7 11 26 36 41 51 60 75 86 99 101 114 125 131 144 155 161 173 189 194 
6 13 26 39 44 53 63 70 86 91 104 117 123 136 146 159 167 178 180 193 
2 17 27 37 46 54 64 71 80 99 105 110 122 132 149 156 162 172 186 190 
1 18 22 39 44 56 69 78 82 96 103 112 121 139 143 159 167 177 185 198 
6 10 29 35 43 52 64 79 81 97 104 113 121 137 145 157 165 170 185 197 
7 11 22 35 40 57 63 71 81 98 108 119 122 136 147 152 163 179 183 194 
5 15 27 33 48 59 65 78 84 99 106 118 125 137 149 158 168 178 187 190 
3 13 23 32 46 58 65 79 89 93 102 112 127 135 144 155 167 171 180 194 
9 10 21 34 46 54 67 77 85 99 105 112 124 137 141 159 167 177 188 199 
8 14 22 33 40 59 61 75 83 92 108 117 128 136 147 154 160 174 189 198 
2 18 29 38 40 50 67 70 82 90 109 112 123 134 149 152 167 179 186 196 
1 12 24 38 45 54 63 76 83 98 109 113 120 130 147 152 164 178 180 191 
8 16 23 36 49 57 63 71 89 94 105 114 127 139 143 151 161 171 187 197 
3 15 28 36 46 51 68 72 84 94 108 111 127 134 145 153 169 175 185 195 
