18

2 4 6 11 14 17 19 23 26 28 30 34 38 
1 5 7 9 12 16 20 21 24 27 32 34 37 
0 3 8 10 13 15 18 23 25 29 32 33 36 
2 5 7 9 13 17 20 22 26 29 31 35 36 
1 4 8 11 12 15 18 22 24 28 31 35 38 
0 3 6 10 14 16 19 22 25 27 31 35 37 
0 3 7 9 14 15 20 21 25 28 30 33 38 
2 4 8 11 13 16 18 21 26 27 30 33 37 
1 3 6 10 12 17 19 21 24 29 30 33 36 
1 5 6 10 13 15 19 23 26 28 32 34 38 
0 5 8 11 14 17 18 22 25 29 32 34 36 
2 4 7 10 12 16 20 23 25 29 32 35 37 
0 4 6 9 13 16 18 23 24 28 31 33 36 
2 3 8 9 14 15 19 21 24 27 31 34 36 
0 5 8 11 12 17 20 22 26 27 30 33 38 
1 3 7 11 14 17 18 21 26 28 30 35 37 
1 5 6 11 12 16 20 21 25 29 30 35 38 
0 3 7 11 13 15 19 23 26 27 31 35 37 
