44

3 6 11 15 18 21 26 30 34 39 42 46 50 55 59 63 67 70 73 79 83 86 91 93 96 102 106 111 113 119 120 127 131 135 139 141 147 151 152 158 
2 4 9 13 19 23 27 31 35 38 41 45 48 54 58 62 64 71 74 78 80 87 90 95 96 100 105 108 115 118 121 126 130 134 138 142 145 149 153 159 
1 7 8 14 16 20 25 28 33 36 40 47 49 53 59 61 65 69 72 77 80 84 89 92 98 103 104 109 114 117 122 124 128 132 137 143 144 150 154 157 
0 7 10 12 17 22 24 29 32 37 43 44 51 52 57 60 66 71 75 76 81 85 88 94 97 101 107 110 112 119 123 125 129 133 136 140 146 148 155 156 
3 5 10 14 16 23 27 30 35 38 43 44 50 54 56 60 67 68 72 78 82 84 90 92 99 103 105 110 115 116 120 124 129 133 139 141 144 151 155 156 
1 5 11 13 19 22 26 28 33 37 42 45 51 53 56 62 65 68 75 77 82 85 91 93 99 100 107 109 113 116 121 126 131 132 136 142 146 148 153 158 
2 5 9 12 17 20 24 29 32 39 40 46 48 55 56 61 64 68 73 76 81 86 89 95 97 101 106 111 114 116 120 127 128 134 138 143 145 149 154 157 
0 5 8 15 18 21 27 29 34 39 41 47 49 52 58 63 66 69 74 79 82 87 88 94 99 102 104 108 112 116 122 125 130 135 137 140 147 150 153 159 
2 4 11 15 18 21 25 31 34 36 40 44 51 54 57 63 64 70 75 79 83 85 90 92 98 102 107 110 115 118 123 124 128 135 136 143 147 148 154 157 
3 6 8 13 19 23 25 31 32 36 43 45 49 55 57 62 67 69 73 76 81 86 88 93 97 100 104 111 113 117 122 126 129 133 137 142 144 150 152 156 
0 6 9 14 16 22 26 28 35 38 42 47 48 52 59 61 66 70 72 76 83 84 91 95 98 103 105 111 112 118 123 125 131 135 138 140 146 149 152 158 
1 4 10 12 17 22 24 30 33 36 41 46 50 53 58 60 65 70 74 77 83 87 90 94 97 101 106 109 114 117 123 125 130 132 139 141 145 151 152 159 
1 7 9 15 18 21 25 28 34 38 43 44 48 53 59 63 65 71 75 77 81 86 88 95 99 102 105 109 114 117 121 127 129 134 138 141 147 149 155 156 
3 6 11 14 16 20 27 29 32 37 41 44 51 55 58 61 67 71 73 78 80 87 89 93 98 103 107 108 113 119 121 124 130 134 136 143 144 148 152 159 
2 4 8 12 17 22 24 31 35 37 42 46 49 54 56 60 64 69 72 79 80 85 91 92 96 101 104 108 114 118 122 127 131 134 137 141 146 150 155 158 
0 7 10 13 19 20 25 30 35 39 40 45 50 52 57 62 66 71 72 78 80 84 89 94 98 100 106 110 112 119 121 126 128 135 139 142 147 151 154 157 
2 4 10 14 16 20 26 31 33 39 42 47 50 54 57 61 64 68 75 79 81 85 88 94 96 103 106 108 112 117 120 127 129 132 139 140 144 151 153 156 
3 7 11 12 17 23 26 28 33 38 40 47 49 55 58 60 67 68 74 78 82 87 91 93 98 101 105 110 113 119 123 125 128 132 138 140 145 149 153 157 
0 7 8 15 18 23 27 29 32 36 42 46 51 53 59 61 65 69 74 78 83 86 90 95 96 100 105 110 115 117 122 127 131 133 139 143 146 148 154 158 
0 6 11 13 19 21 24 29 33 37 43 47 48 52 56 63 66 71 73 76 83 84 90 92 97 102 104 109 115 118 120 124 130 132 137 142 145 150 155 159 
2 6 9 15 18 22 26 30 32 38 41 46 48 53 57 60 67 69 75 79 82 85 89 95 99 102 107 111 114 119 122 126 129 133 136 143 145 151 154 159 
1 4 8 14 17 22 27 28 34 39 43 46 51 55 58 62 66 70 74 77 81 84 88 92 98 100 106 111 115 118 120 124 128 133 136 141 144 149 155 156 
2 7 10 15 18 20 25 28 34 37 41 45 50 54 56 63 66 68 72 76 80 86 91 94 97 102 104 111 113 118 120 125 130 134 139 143 146 151 154 159 
1 6 10 12 17 21 24 31 32 36 41 45 50 54 59 60 64 68 73 77 82 84 89 92 99 101 105 110 113 119 121 126 128 135 137 140 147 150 153 158 
3 4 9 13 19 23 27 30 34 37 40 44 49 52 59 61 64 70 75 76 83 85 89 93 99 101 104 108 115 116 123 125 130 134 138 142 144 150 152 157 
1 5 8 13 16 20 25 29 35 38 43 46 51 55 57 62 65 71 74 79 82 86 90 94 97 103 104 109 112 119 121 124 131 133 138 140 145 149 153 158 
3 5 11 12 19 23 24 30 32 39 40 47 51 53 58 62 66 70 72 78 82 85 90 93 96 100 107 109 114 118 123 127 129 135 137 141 146 148 153 157 
2 5 11 14 16 21 26 29 35 36 43 45 50 52 56 61 64 70 72 78 80 87 88 93 96 102 104 108 112 117 122 126 131 133 136 141 145 148 154 156 
1 6 9 15 18 23 26 31 33 36 42 44 49 53 57 62 65 71 74 76 80 87 91 95 96 102 106 111 115 116 120 124 129 132 137 140 144 148 153 158 
0 4 10 14 18 23 24 30 35 36 41 45 48 52 59 63 67 71 73 77 81 87 89 94 97 103 107 109 114 118 122 127 131 135 138 142 144 148 155 159 
1 6 8 12 19 22 26 28 34 39 40 44 50 52 56 63 65 68 73 78 83 86 88 95 97 103 107 108 113 118 123 126 131 133 139 143 147 150 155 157 
2 7 11 15 16 23 26 31 33 36 43 44 50 53 56 63 66 69 73 79 82 84 91 92 96 100 107 108 112 117 120 125 128 134 138 143 147 149 152 156 
0 4 10 13 18 20 26 28 35 37 42 47 49 55 57 61 64 69 75 78 81 85 90 93 99 101 105 111 113 119 121 125 130 134 136 141 146 149 155 159 
3 7 9 13 19 20 25 30 35 38 42 45 48 53 58 60 64 70 73 79 83 86 89 92 98 100 106 110 114 116 123 127 128 134 136 140 146 150 154 159 
3 5 10 15 19 20 24 31 35 37 43 46 51 54 56 62 65 70 74 76 83 85 89 95 98 101 104 110 115 119 121 127 130 135 138 140 147 151 152 156 
3 4 11 12 16 23 27 29 33 37 42 47 49 54 57 63 67 68 72 77 81 86 91 95 97 101 105 109 112 117 120 126 130 133 136 142 145 151 152 158 
3 4 9 12 17 22 25 30 34 37 40 45 50 54 58 60 64 68 75 76 82 87 88 94 99 101 106 108 115 118 122 124 131 132 138 142 146 149 154 158 
3 5 8 15 16 21 24 28 34 38 40 46 48 52 59 62 67 68 75 79 80 84 89 93 96 103 105 110 113 117 123 127 130 135 137 142 146 148 153 159 
2 4 9 13 17 22 27 28 32 37 43 44 51 52 59 63 65 69 75 77 83 86 91 93 98 103 106 109 113 118 123 126 129 132 136 143 145 150 153 157 
0 6 11 14 19 21 27 31 35 39 42 44 49 54 59 61 67 68 75 78 80 86 89 94 98 101 105 109 114 119 122 127 129 132 139 143 147 149 155 157 
1 6 8 15 17 22 26 30 34 37 40 47 51 55 56 60 64 69 72 76 80 85 89 95 99 102 104 109 112 119 122 125 128 135 137 141 145 151 155 156 
1 5 10 12 18 21 25 31 32 38 41 45 51 52 56 62 67 70 74 77 83 84 88 94 96 102 107 108 115 116 123 125 128 135 137 143 144 149 154 157 
1 5 9 15 17 22 26 31 33 36 41 46 48 54 58 61 66 69 73 78 82 85 91 93 96 103 105 110 115 116 121 127 130 135 139 143 145 151 153 156 
3 7 10 15 18 21 24 28 33 39 43 46 49 52 59 60 64 71 73 77 82 87 90 92 98 100 107 108 115 117 121 125 129 132 139 142 144 150 155 157 
